6344, 1919, 3996, 7128, 9102, 1152, 4802, 8208, 4305, 6710, 5029, 5106, 3675, 10000
61, 19, 37, 66, 82, 36, 49, 76, 41, 61, 47, 46, 35, 100
4368, 1717, 2484, 6156, 9102, 1568, 6490, 1365, 7210, 9256, 7192
42, 17, 23, 57, 82, 49, 59, 13, 70, 89, 62
6968, 2220, 9401, 3072, 9100, 10767, 1440, 11900, 4646, 672, 8585, 6804, 10395, 6322, 10080, 5390, 6402, 11252, 4646, 3040, 10904, 6552, 4343, 1216, 3597, 5635, 3570, 2394, 4551, 7210, 7519, 5959, 8550, 1265
67, 20, 79, 96, 91, 97, 45, 100, 46, 21, 85, 63, 99, 58, 96, 49, 66, 97, 46, 95, 94, 63, 43, 38, 33, 49, 35, 21, 41, 70, 73, 59, 75, 11
6405, 9500, 8132, 704, 8295, 1443, 1836, 5508, 1824, 2910, 11385, 3745, 1184, 1840, 6912, 4305, 2673, 7575, 4802
61, 95, 76, 22, 79, 37, 17, 51, 57, 30, 99, 35, 37, 16, 64, 41, 27, 75, 98
9672, 6105, 2975, 576, 4000, 5550, 1120, 10234, 5050, 1600, 4646, 2484, 3885, 4142, 3990, 5170, 8245, 1740, 5555, 1728, 11368, 7904, 7373, 1856, 7957, 4715, 7344, 10374, 6105, 5253, 5459, 8080, 6042, 8395
93, 55, 25, 18, 40, 50, 35, 86, 50, 50, 46, 23, 37, 38, 38, 47, 85, 15, 55, 54, 98, 76, 73, 58, 73, 41, 72, 91, 55, 51, 53, 80, 53, 73
9401, 9292, 2400, 7524, 8342, 3190, 1728, 8165, 5252, 9570, 2700, 3072, 10556, 8424, 3232, 1635, 1376, 2436, 5994, 352, 1508, 7072, 8484, 1056, 4025, 3852, 1785, 9114, 9030, 8000, 1575, 768, 8120, 7326, 2100, 9180, 4545, 3944
79, 92, 75, 76, 86, 29, 54, 71, 52, 87, 27, 96, 91, 81, 32, 15, 43, 21, 54, 11, 13, 68, 84, 33, 35, 36, 17, 93, 86, 80, 15, 24, 70, 66, 20, 85, 45, 34
3219, 9348, 1472, 1904, 6060, 2368, 9603, 7663, 7150, 960, 9000, 7878, 6160, 4674, 5880, 8614, 1111, 1248, 9744, 6448, 4444, 6213, 2976, 5994, 5406, 576, 2088, 6136, 2222, 4935, 8892, 448, 1836, 7857, 2420, 8424, 4251, 2624, 10324, 6790, 9000
29, 82, 46, 16, 60, 74, 97, 79, 65, 30, 90, 78, 55, 41, 56, 73, 11, 39, 84, 62, 44, 57, 93, 54, 53, 18, 18, 59, 22, 47, 78, 14, 18, 81, 22, 72, 39, 82, 89, 70, 75
8625, 1728, 1575, 3267, 9090, 1862, 1344, 2940, 1380, 1088, 9506, 5959, 6090, 1540, 2472, 1344, 2223, 5865, 3131, 1728, 7676, 2990, 9545
75, 16, 15, 33, 90, 38, 42, 28, 12, 34, 97, 59, 58, 14, 24, 42, 19, 51, 31, 16, 76, 26, 83
10234, 4992, 8439, 8120, 2223, 4600, 2976, 8910, 6363, 5593
86, 48, 87, 70, 57, 40, 93, 81, 63, 47
3724, 1836, 8295, 2090, 10272, 8103, 6720, 7800, 5922, 800, 4360, 9090, 6325, 9085, 5917, 3605, 5454, 2080, 8820, 4559, 1188, 4494, 1632, 3016, 3160
38, 17, 79, 19, 96, 73, 64, 78, 94, 25, 40, 90, 55, 79, 61, 35, 54, 65, 90, 47, 12, 42, 51, 52, 79
7992, 2600, 1696, 2121, 4218, 8778, 3648, 2116, 4002, 1794, 2368, 5336, 10400, 5040, 4830, 512, 6900, 1887, 10764, 7700, 8900, 4715, 1088, 1751, 11058, 6666, 9021, 6612, 462, 640, 8342, 2750, 12100, 416, 3706, 2664, 6726, 4141, 1408, 3990, 8800, 9999, 1261, 10925
72, 25, 53, 21, 37, 77, 32, 46, 87, 39, 74, 46, 100, 48, 42, 16, 60, 17, 92, 70, 89, 41, 34, 17, 97, 66, 93, 57, 14, 20, 86, 25, 100, 13, 34, 24, 59, 41, 44, 38, 88, 99, 13, 95
10591, 3434, 2144, 1089, 8658, 11115, 9396, 7300, 2112, 3762, 5439, 855, 4554, 1776, 9240, 10810, 7616, 2520, 9804, 6868, 2816, 5950, 6615, 5104, 1144, 1056, 6380, 9776, 6868, 384, 7178, 10098, 6325
89, 34, 67, 11, 78, 95, 87, 73, 66, 38, 49, 19, 46, 16, 84, 94, 68, 24, 86, 68, 88, 50, 63, 44, 11, 33, 55, 94, 68, 12, 74, 99, 55
1746, 1870, 3800, 544, 5150, 1919, 9280, 2720, 3016, 4056, 5555, 7412, 1440, 8120, 6882, 2592, 3045, 4620, 9384, 2730, 9396, 9512, 9006, 1067, 4408, 5555, 1760, 4524, 2080, 3030, 2560, 5995, 3335, 9588, 5928, 9435, 4944, 7107, 4949, 2850, 3450
18, 17, 38, 17, 50, 19, 80, 85, 26, 39, 55, 68, 45, 70, 62, 81, 29, 42, 92, 26, 87, 82, 79, 11, 38, 55, 55, 39, 20, 30, 80, 55, 29, 94, 52, 85, 48, 69, 49, 25, 30
8700, 8008, 8536, 4756, 2336, 8449, 4947, 12100, 1216, 10440, 5555, 5529, 2289, 1632, 6264, 1010, 8938, 6549, 5940, 6380, 1248, 6510, 8030, 1926, 864, 8550, 6363, 1575, 2860, 2070, 2688, 5635, 1638, 9072, 10488, 1212, 6758, 9393
75, 77, 88, 41, 73, 71, 51, 100, 38, 90, 55, 57, 21, 51, 58, 10, 82, 59, 54, 55, 12, 62, 73, 18, 27, 75, 63, 15, 26, 18, 84, 49, 14, 81, 92, 12, 62, 93
9075, 3774, 7722, 3990, 2944, 7857, 3104, 8652, 8989, 9130, 3045, 9945, 10005, 1023
75, 34, 66, 35, 92, 81, 97, 84, 89, 83, 29, 85, 87, 31
6014, 4104, 2394, 4620, 5768, 6656, 8236, 1056, 9680, 2520, 3399, 7384, 7308
62, 38, 21, 44, 56, 64, 71, 33, 88, 24, 33, 71, 63
9135, 2144, 5928, 5820, 8614, 4949, 2656, 9483, 7502, 2528, 11100, 2856, 9350, 800, 6405, 4600, 3939, 4365
87, 67, 57, 60, 73, 49, 83, 87, 62, 79, 100, 24, 85, 25, 61, 46, 39, 45
1512, 4444, 11020, 897, 8050, 1952, 3848, 9696, 6984, 8664, 2144, 5880, 3132
14, 44, 95, 23, 70, 61, 37, 96, 72, 76, 67, 56, 27
7935, 11100, 2944, 5929, 7169, 1344, 2328, 1960, 3774, 6669, 6496, 1152, 4988, 7488, 6060, 736, 6790, 9996, 11500
69, 100, 92, 49, 67, 42, 24, 20, 34, 57, 56, 36, 43, 72, 60, 23, 70, 98, 100
9345, 6936, 320, 6902, 2424, 2368, 8165, 5959, 3080, 3000, 736, 8880, 6201, 7410, 1376, 8510, 7878, 9504, 9690, 9696, 11020, 1088, 2970, 4218, 2800, 4646, 2048, 8436, 5664, 6868, 9690, 832, 5800, 6327, 1504, 6264, 4368, 9191, 8502
89, 68, 10, 58, 24, 74, 71, 59, 28, 30, 23, 80, 53, 65, 43, 74, 78, 96, 85, 96, 95, 34, 30, 38, 28, 46, 64, 76, 48, 68, 85, 26, 50, 57, 47, 54, 42, 91, 78
11020, 8736, 4949, 9801, 3200, 1782, 7857, 2530, 1056, 5499, 10695, 4747, 1792, 8505, 6148, 1920, 1392, 4773, 3072, 1260, 10230, 9588, 4830, 7992, 6728, 10944, 9409, 4872, 2727, 1984, 3596, 5616, 6666, 800, 6887, 2244, 10695
95, 84, 49, 81, 100, 18, 81, 23, 33, 47, 93, 47, 56, 81, 53, 60, 12, 43, 96, 12, 93, 94, 46, 74, 58, 96, 97, 42, 27, 62, 31, 54, 66, 25, 71, 22, 93
10234, 2184, 4753, 9860, 3705, 2760, 1504, 2109, 9477, 9918, 544, 5247, 4329, 5200, 3333, 1792, 4074, 6695, 4462, 9135, 7260, 3843
86, 21, 49, 85, 95, 24, 47, 19, 81, 87, 17, 53, 39, 52, 33, 56, 42, 65, 46, 87, 66, 61
10185, 2176, 1276, 8008, 4095, 8580, 2675, 992, 6510, 3364, 3237, 5290, 2432, 3861, 1665, 8550, 4455, 2204, 4590, 5166, 4214, 3904, 530, 4896, 3600, 5795, 8051, 7242, 5795, 4896, 912, 8778, 1330, 6148, 8632, 3060, 2850, 7140, 3479, 6490, 11750
97, 68, 11, 77, 39, 78, 25, 31, 62, 29, 83, 46, 76, 39, 15, 75, 45, 19, 45, 42, 43, 61, 10, 96, 36, 61, 83, 71, 61, 48, 19, 77, 14, 53, 83, 60, 30, 60, 71, 59, 94
8528, 6262, 8470, 2304, 1760, 10185, 8034, 4056, 3944, 1472, 9300, 3570, 6800, 2432, 4719, 3663, 1287, 1312, 6032, 1515, 3686, 9462, 2848, 9592, 7986, 1664, 6615, 9100, 2828, 2037
82, 62, 70, 72, 16, 97, 78, 39, 34, 46, 93, 34, 68, 76, 39, 33, 11, 41, 58, 15, 38, 83, 89, 88, 66, 52, 63, 91, 28, 21
2178, 1110, 7605, 2688, 7592, 9118, 4800, 3104, 5820, 11000, 1344, 9450, 5900, 2525, 4171, 1890, 960, 8036, 6696, 6930, 6270, 8346, 1554, 8610, 6700, 2912, 4558, 11583, 5980, 4640, 2720, 8004, 10212, 5400, 2700, 1952, 7303, 3434, 3072, 11011, 5439, 6903, 1952, 2023, 9494, 3762, 8181, 1024, 7742, 10100, 1785, 5500, 3193, 1824, 7956, 4370, 9696, 2052, 7575, 11155, 8625
18, 10, 65, 84, 73, 94, 48, 97, 60, 100, 42, 90, 59, 25, 43, 30, 30, 82, 62, 66, 57, 78, 14, 82, 67, 91, 43, 99, 52, 40, 85, 69, 92, 50, 27, 61, 67, 34, 96, 91, 49, 59, 61, 17, 94, 33, 81, 32, 79, 100, 17, 50, 31, 57, 68, 38, 96, 19, 75, 97, 75
5712, 6552, 7663, 3016, 2240, 9744, 1560, 1616, 1312, 6670, 10080, 3708, 1308, 5917
48, 63, 79, 26, 70, 84, 15, 16, 41, 58, 96, 36, 12, 61